0.0
4.9607971462536914e-05
9.237936427253091e-05
0.00012831335097844888
0.00015741026414443004
0.0002054336965108972
0.00014407026600646045
0.00011163774835660325
7.236855538354708e-05
2.6262551336244752e-05
-2.66793010857008e-05
-8.64589227715407e-05
-0.0014125812175247584
-0.0015647483907432348
-0.001723753600202723
-0.001889594758699963
-0.00206227236063201
-0.0022417865066519725
-0.002428137463753357
-0.002621325595064837
-0.0023318378317641044
-0.0025215235312663416
831.7511998929566
-422.1566839800327
-709.2751006809799
-0.002821349902786557
-0.003028210658455747
-0.0032419085883812313
-0.0034624425635042173
-0.0036898134808620643
-0.003924021441272123
-0.0041650652149689315
-0.0044129467929796395
-0.004667663689916611
-0.004929218356128795
-0.005197609102627068
-0.005472836892086544
393.2536516116565
2012.95962946804
2860.111495519222
3185.953311522626
3487.529348866911
3468.325346460352
3471.642825760089
3475.4488357574596
3464.200648527703
3474.674537824976
3472.1125496143136
-0.0013372906623202228
-0.001485956467145425
-0.0016414595774741478
2421.9544225414165
-0.0003939412666040393
-0.000487904208329251
-0.0005887033615381529
-0.0006963384638674824
-0.0008108111034320747
-0.0009321194602516167
-0.001060265621321406
-0.0011954611696715842
-0.0018037994988314271
-0.0019729755004136906
-0.0021489879455076966
0.0
4.2771392809994006e-05
7.870537951591198e-05
0.00010780229268189315
0.00015582572504836028
9.446229454392353e-05
6.202977689406636e-05
2.2760583921010173e-05
-2.334542012629216e-05
-7.628727254823772e-05
-0.0001360668942340776
-0.0014621891889872955
-0.0016143563622057714
-0.00177336157166526
-0.0019392027301624998
-0.0021118803320945467
-0.0022913944781145098
-0.0024777454352158937
-0.002670933566527374
-0.0023814458032266417
-0.002571131502728879
831.7511502849851
-422.1567335880041
-709.2751502889514
-0.002870957874249094
-0.0030778186299182837
-0.0032915165598437685
-0.003512050534966754
-0.003739421452324601
-0.003973629412734659
-0.004214673186431469
-0.004462554764442175
-0.004717271661379148
-0.004978826327591332
-0.0052472170740896044
-0.005522444863549081
393.25360200368505
2012.9595798600683
2860.1114459112505
3185.9532619146544
3487.52929925894
3468.325296852381
3471.642776152118
3475.4487861494886
3464.200598919732
3474.674488217005
3472.1125000063425
-0.0013868986337827597
-0.0015355644386079621
-0.0016910675489366848
2421.954372933445
-0.00044354923806657617
-0.0005375121797917879
-0.0006383113330006899
-0.0007459464353300194
-0.0008604190748946115
-0.0009817274317141537
-0.0011098735927839425
-0.001245069141134121
-0.0018534074702939642
-0.0020225834718762274
-0.002198595916970234
0.0
3.5933986705917984e-05
6.503089987189916e-05
0.00011305433223836629
5.169090173392954e-05
1.925838408407235e-05
-2.001080888898383e-05
-6.611681293628616e-05
-0.00011905866535823172
-0.00017883828704407163
-0.0015049605817972894
-0.0016571277550157654
-0.0018161329644752538
-0.001981974122972494
-0.002154651724904541
-0.0023341658709245035
-0.002520516828025888
-0.002713704959337368
-0.0024242171960366355
-0.0026139028955388726
831.7511075135922
-422.1567763593969
-709.2751930603441
-0.002913729267059088
-0.003120590022728278
-0.0033342879526537623
-0.003554821927776748
-0.003782192845134595
-0.004016400805544653
-0.004257444579241462
-0.00450532615725217
-0.004760043054189141
-0.0050215977204013254
-0.005289988466899599
-0.005565216256359075
393.2535592322923
2012.9595370886757
2860.111403139858
3185.953219143262
3487.5292564875467
3468.3252540809885
3471.642733380725
3475.4487433780955
3464.2005561483384
3474.674445445612
3472.1124572349495
-0.001429670026592754
-0.001578335831417956
-0.0017338389417466788
2421.9543301620524
-0.00048632063087657016
-0.000580283572601782
-0.0006810827258106838
-0.0007887178281400134
-0.0009031904677046056
-0.0010244988245241475
-0.0011526449855939367
-0.001287840533944115
-0.0018961788631039582
-0.002065354864686221
-0.0022413673097802277
0.0
2.9096913165981176e-05
7.71203455324483e-05
1.5756915028011555e-05
-1.6675602621845632e-05
-5.594479559490181e-05
-0.00010205079964220415
-0.0001549926520641497
-0.0002147722737499896
-0.0015408945685032073
-0.0016930617417216835
-0.001852066951181172
-0.002017908109678412
-0.002190585711610459
-0.0023700998576304216
-0.002556450814731806
-0.002749638946043286
-0.0024601511827425536
-0.0026498368822447907
831.7510715796055
-422.1568122933836
-709.2752289943309
-0.002949663253765006
-0.003156524009434196
-0.0033702219393596804
-0.003590755914482666
-0.0038181268318405125
-0.004052334792250571
-0.004293378565947381
-0.004541260143958088
-0.004795977040895059
-0.005057531707107244
-0.005325922453605516
-0.005601150243064993
393.25352329830554
2012.9595011546892
2860.1113672058714
3185.953183209275
3487.5292205535593
3468.3252181470016
3471.642697446738
3475.4487074441085
3464.200520214352
3474.674409511625
3472.1124213009625
-0.0014656040132986715
-0.001614269818123874
-0.0017697729284525969
2421.954294228066
-0.0005222546175824882
-0.0006162175593076999
-0.0007170167125166018
-0.0008246518148459313
-0.0009391244544105236
-0.0010604328112300656
-0.0011885789722998548
-0.001323774520650033
-0.0019321128498098763
-0.0021012888513921393
-0.0022773012964861458
0.0
4.802343236646712e-05
-1.333999813796962e-05
-4.5772515787826805e-05
-8.504170876088298e-05
-0.0001311477128081853
-0.00018408956523013087
-0.00024386918691597076
-0.0015699914816691884
-0.0017221586548876646
-0.0018811638643471532
-0.0020470050228443932
-0.00221968262477644
-0.0023991967707964025
-0.002585547727897787
-0.002778735859209267
-0.002489248095908535
-0.0026789337954107716
831.7510424826924
-422.15684139029685
-709.275258091244
-0.0029787601669309873
-0.003185620922600177
-0.0033993188525256613
-0.003619852827648647
-0.0038472237450064934
-0.004081431705416552
-0.004322475479113362
-0.004570357057124068
-0.00482507395406104
-0.005086628620273225
-0.005355019366771498
-0.005630247156230974
393.25349420139236
2012.9594720577759
2860.1113381089585
3185.9531541123615
3487.5291914566465
3468.3251890500883
3471.642668349825
3475.4486783471953
3464.2004911174386
3474.6743804147122
3472.1123922040492
-0.0014947009264646529
-0.0016433667312898551
-0.001798869841618578
2421.954265131153
-0.0005513515307484693
-0.0006453144724736812
-0.000746113625682583
-0.0008537487280119125
-0.0009682213675765047
-0.0010895297243960467
-0.001217675885465836
-0.0013528714338160142
-0.001961209762975857
-0.0021303857645581206
-0.0023063982096521267
0.0
-6.136343050443673e-05
-9.379594815429392e-05
-0.00013306514112735012
-0.00017917114517465243
-0.000232112997596598
-0.0002918926192824379
-0.0016180149140356556
-0.0017701820872541318
-0.0019291872967136204
-0.00209502845521086
-0.002267706057142907
-0.00244722020316287
-0.002633571160264254
-0.0028267592915757343
-0.0025372715282750017
-0.0027269572277772392
831.75099445926
-422.1568894137292
-709.2753061146765
-0.0030267835992974544
-0.003233644354966644
-0.003447342284892129
-0.0036678762600151145
-0.0038952471773729615
-0.004129455137783019
-0.004370498911479829
-0.004618380489490536
-0.004873097386427508
-0.005134652052639692
-0.005403042799137965
-0.005678270588597441
393.25344617796
2012.9594240343433
2860.111290085526
3185.9531060889294
3487.5291434332144
3468.325141026656
3471.6426203263927
3475.4486303237627
3464.200443094006
3474.6743323912797
3472.112344180617
-0.00154272435883112
-0.0016913901636563223
-0.001846893273985045
2421.9542171077205
-0.0005993749631149365
-0.0006933379048401483
-0.00079413705804905
-0.0009017721603783796
-0.001016244799942972
-0.001137553156762514
-0.001265699317832303
-0.0014008948661824812
-0.0020092331953423244
-0.002178409196924588
-0.0023544216420185943
0.0
-3.243251764985719e-05
-7.170171062291337e-05
-0.00011780771467021571
-0.00017074956709216125
-0.00023052918877800114
-0.0015566514835312188
-0.001708818656749695
-0.0018678238662091836
-0.0020336650247064236
-0.0022063426266384703
-0.002385856772658433
-0.002572207729759817
-0.0027653958610712975
-0.0024759080977705653
-0.002665593797272802
831.7510558226905
-422.15682805029866
-709.275244751246
-0.0029654201687930176
-0.0031722809244622073
-0.0033859788543876917
-0.0036065128295106772
-0.003833883746868524
-0.004068091707278582
-0.004309135480975393
-0.004557017058986099
-0.00481173395592307
-0.005073288622135256
-0.0053416793686335284
-0.005616907158093004
393.2535075413905
2012.959485397774
2860.111351448956
3185.9531674523596
3487.529204796645
3468.3252023900864
3471.642681689823
3475.4486916871933
3464.2005044574366
3474.67439375471
3472.1124055440473
-0.0014813609283266832
-0.0016300267331518855
-0.0017855298434806084
2421.954278471151
-0.0005380115326104997
-0.0006319744743357114
-0.0007327736275446133
-0.0008404087298739429
-0.0009548813694385351
-0.001076189726258077
-0.0012043358873278663
-0.0013395314356780446
-0.0019478697648378878
-0.002117045766420151
-0.002293058211514157
0.0
-3.926919297305618e-05
-8.537519702035853e-05
-0.00013831704944230406
-0.00019809667112814395
-0.0015242189658813616
-0.001676386139099838
-0.0018353913485593266
-0.0020012325070565664
-0.002173910108988613
-0.0023534242550085757
-0.00253977521210996
-0.0027329633434214403
-0.002443475580120708
-0.0026331612796229448
831.7510882552082
-422.15679561778103
-709.2752123187282
-0.0029329876511431604
-0.00313984840681235
-0.0033535463367378344
-0.00357408031186082
-0.0038014512292186666
-0.0040356591896287255
-0.004276702963325535
-0.004524584541336241
-0.004779301438273213
-0.0050408561044853984
-0.005309246850983671
-0.005584474640443147
393.2535399739081
2012.9595178302916
2860.1113838814736
3185.9531998848774
3487.529237229163
3468.325234822604
3471.6427141223407
3475.4487241197116
3464.2005368899545
3474.6744261872277
3472.112437976565
-0.001448928410676826
-0.0015975942155020283
-0.0017530973258307512
2421.9543109036686
-0.0005055790149606426
-0.0005995419566858542
-0.0007003411098947562
-0.0008079762122240857
-0.0009224488517886779
-0.0010437572086082199
-0.001171903369678009
-0.0013070989180281874
-0.0019154372471880305
-0.0020846132487702938
-0.0022606256938643003
0.0
-4.610600404730233e-05
-9.904785646924789e-05
-0.0001588274781550878
-0.0014849497729083054
-0.0016371169461267818
-0.0017961221555862703
-0.00196196331408351
-0.002134640916015557
-0.00231415506203552
-0.002500506019136904
-0.002693694150448384
-0.002404206387147652
-0.002593892086649889
831.7511275244011
-422.15675634858803
-709.2751730495353
-0.0028937184581701043
-0.0031005792138392944
-0.0033142771437647787
-0.0035348111188877643
-0.003762182036245611
-0.00399638999665567
-0.0042374337703524785
-0.004485315348363186
-0.004740032245300158
-0.005001586911512342
-0.005269977658010615
-0.005545205447470091
393.2535792431011
2012.9595570994843
2860.1114231506667
3185.95323915407
3487.5292764983556
3468.325274091797
3471.642753391534
3475.4487633889044
3464.2005761591477
3474.674465456421
3472.1124772457583
-0.00140965921770377
-0.0015583250225289723
-0.001713828132857695
2421.9543501728613
-0.0004663098219875863
-0.0005602727637127982
-0.0006610719169217
-0.0007687070192510295
-0.0008831796588156217
-0.0010044880156351637
-0.001132634176704953
-0.001267829725055131
-0.0018761680542149742
-0.0020453440557972376
-0.002221356500891244
0.0
-5.294185242194555e-05
-0.00011272147410778544
-0.0014388437688610033
-0.0015910109420794792
-0.0017500161515389679
-0.0019158573100362078
-0.0020885349119682543
-0.0022680490579882174
-0.0024544000150896017
-0.0026475881464010816
-0.0023581003831003497
-0.0025477860826025865
831.7511736304052
-422.156710242584
-709.2751269435312
-0.002847612454122802
-0.0030544732097919918
-0.003268171139717476
-0.0034887051148404617
-0.0037160760321983087
-0.003950283992608368
-0.004191327766305176
-0.004439209344315883
-0.0046939262412528555
-0.00495548090746504
-0.005223871653963312
-0.005499099443422789
393.25362534910516
2012.9596032054883
2860.1114692566707
3185.9532852600746
3487.52932260436
3468.3253201978014
3471.642799497538
3475.448809494909
3464.200622265152
3474.6745115624253
3472.112523351763
-0.0013635532136564677
-0.0015122190184816697
-0.0016677221288103926
2421.9543962788653
-0.000420203817940284
-0.0005141667596654958
-0.0006149659128743976
-0.0007226010152037272
-0.0008370736547683195
-0.0009583820115878616
-0.0010865281726576506
-0.0012217237210078288
-0.0018300620501676722
-0.0019992380517499355
-0.0021752504968439415
0.0
-5.9779621685839904e-05
-0.0013859019164390576
-0.0015380690896575338
-0.0016970742991170222
-0.001862915457614262
-0.002035593059546309
-0.002215107205566272
-0.0024014581626676562
-0.002594646293979136
-0.0023051585306784043
-0.002494844230180641
831.7512265722576
-422.1566573007316
-709.2750740016788
-0.0027946706017008566
-0.0030015313573700463
-0.0032152292872955307
-0.0034357632624185163
-0.0036631341797763632
-0.003897342140186422
-0.004138385913883231
-0.004386267491893937
-0.00464098438883091
-0.004902539055043094
-0.005170929801541367
-0.005446157591000844
393.25367829095757
2012.9596561473409
2860.111522198523
3185.9533382019267
3487.529375546212
3468.3253731396535
3471.64285243939
3475.448862436761
3464.200675207004
3474.6745645042774
3472.112576293615
-0.0013106113612345218
-0.0014592771660597243
-0.0016147802763884472
2421.954449220718
-0.0003672619655183385
-0.00046122490724355024
-0.0005620240604524521
-0.0006696591627817816
-0.0007841318023463739
-0.0009054401591659159
-0.001033586320235705
-0.0011687818685858832
-0.0017771201977457266
-0.00194629619932799
-0.002122308644421996
0.0
-0.0013261222947532178
-0.0014782894679716938
-0.0016372946774311824
-0.0018031358359284222
-0.001975813437860469
-0.002155327583880432
-0.0023416785409818165
-0.002534866672293296
-0.002245378908992564
-0.0024350646084948012
831.7512863518792
-422.15659752110986
-709.2750142220572
-0.0027348909800150164
-0.0029417517356842065
-0.0031554496656096905
-0.0033759836407326765
-0.0036033545580905235
-0.003837562518500582
-0.004078606292197391
-0.004326487870208098
-0.00458120476714507
-0.004842759433357254
-0.005111150179855527
-0.005386377969315004
393.2537380705793
2012.9597159269626
2860.111581978145
3185.9533979815483
3487.529435325834
3468.325432919276
3471.6429122190125
3475.448922216383
3464.2007349866262
3474.6746242838994
3472.112636073237
-0.001250831739548682
-0.0013994975443738845
-0.0015550006547026072
2421.95450900034
-0.0003074823438324986
-0.00040144528555771035
-0.0005022444387666122
-0.0006098795410959417
-0.000724352180660534
-0.000845660537480076
-0.000973806698549865
-0.0011090022469000434
-0.0017173405760598868
-0.00188651657764215
-0.0020625290227361563
0.0
-0.00015216717321847614
-0.00031117238267796464
-0.0004770135411752045
-0.0006496911431072513
-0.0008292052891272143
-0.0010155562462285986
-0.0012087443775400785
-0.0009192566142393464
-0.0011089423137415832
831.752612474174
-422.15527139881516
-709.2736880997624
-0.0014087686852617986
-0.0016156294409309887
-0.001829327370856473
-0.0020498613459794587
-0.002277232263337305
-0.002511440223747364
-0.0027524839974441733
-0.0030003655754548804
-0.003255082472391852
-0.0035166371386040366
-0.003785027885102309
-0.004060255674561785
393.25506419287404
2012.9610420492577
2860.1129081004397
3185.9547241038435
3487.5307614481285
3468.3267590415703
3471.644238341307
3475.4502483386773
3464.2020611089206
3474.675950406194
3472.1139621955313
7.529055520453567e-05
-7.337524962066666e-05
-0.00022887835994938945
2421.955835122634
0.0010186399509207193
0.0009246770091955074
0.0008238778559866056
0.0007162427536572761
0.0006017701140926838
0.0004804617572731417
0.00035231559620335266
0.00021712004785317445
-0.00039121828130666886
-0.0005603942828889322
-0.0007364067279829385
0.0
-0.0001590052094594885
-0.0003248463679567284
-0.0004975239698887751
-0.0006770381159087382
-0.0008633890730101224
-0.0010565772043216023
-0.0007670894410208702
-0.0009567751405231072
831.7527646413472
-422.1551192316419
-709.2735359325892
-0.0012566015120433227
-0.0014634622677125123
-0.001677160197637997
-0.0018976941727609823
-0.0021250650901188293
-0.002359273050528888
-0.002600316824225697
-0.0028481984022364036
-0.003102915299173376
-0.0033644699653855603
-0.003632860711883833
-0.003908088501343309
393.25521636004726
2012.9611942164308
2860.113060267613
3185.9548762710165
3487.5309136153014
3468.3269112087432
3471.64439050848
3475.45040050585
3464.2022132760935
3474.6761025733667
3472.114114362704
0.0002274577284230118
7.879192359780948e-05
-7.671118673091332e-05
2421.955987289807
0.0011708071241391953
0.0010768441824139836
0.0009760450292050816
0.0008684099268757521
0.00075393728731116
0.0006326289304916179
0.0005044827694218288
0.00036928722107165056
-0.00023905110808819275
-0.000408227109670456
-0.0005842395547644623
0.0
-0.0001658411584972399
-0.0003385187604292867
-0.0005180329064492496
-0.0007043838635506338
-0.0008975719948621138
-0.0006080842315613817
-0.0007977699310636186
831.7529236465567
-422.1549602264324
-709.2733769273797
-0.001097596302583834
-0.001304457058253024
-0.0015181549881785083
-0.0017386889633014939
-0.0019660598806593406
-0.0022002678410693996
-0.0024413116147662087
-0.0026891931927769154
-0.0029439100897138875
-0.003205464755926072
-0.003473855502424345
-0.003749083291883821
393.2553753652567
2012.9613532216404
2860.1132192728223
3185.955035276226
3487.5310726205116
3468.327070213953
3471.6445495136895
3475.4505595110604
3464.2023722813033
3474.6762615785765
3472.114273367914
0.00038646293788250036
0.000237797133057298
8.229402272857519e-05
2421.9561462950173
0.0013298123335986837
0.001235849391873472
0.0011350502386645702
0.0010274151363352407
0.0009129424967706484
0.0007916341399511064
0.0006634879788813173
0.000528292430531139
-8.004589862870421e-05
-0.0002492219002109675
-0.0004252343453049738
0.0
-0.00017267760193204678
-0.00035219174795200975
-0.000538542705053394
-0.0007317308363648738
-0.00044224307306414186
-0.0006319287725663787
831.7530894877152
-422.154794385274
-709.2732110862213
-0.0009317551440865943
-0.001138615899755784
-0.0013523138296812685
-0.001572847804804254
-0.0018002187221621009
-0.0020344266825721596
-0.0022754704562689687
-0.0025233520342796754
-0.0027780689312166475
-0.003039623597428832
-0.003308014343927105
-0.0035832421333865812
393.2555412064152
2012.9615190627987
2860.1133851139807
3185.9552011173846
3487.53123846167
3468.3272360551114
3471.644715354848
3475.450725352219
3464.2025381224616
3474.676427419735
3472.1144392090723
0.0005523040963797402
0.00040363829155453784
0.0002481351812258151
2421.9563121361757
0.0014956534920959237
0.001401690550370712
0.00130089139716181
0.0011932562948324807
0.0010787836552678884
0.0009574752984483464
0.0008293291373785572
0.000694133589028379
8.579525986853567e-05
-8.338074171372758e-05
-0.0002593931868077339
0.0
-0.00017951414601996294
-0.0003658651031213472
-0.0005590532344328271
-0.000269565471132095
-0.00045925117063433195
831.7532621653171
-422.15462170767205
-709.2730384086193
-0.0007590775421545473
-0.0009659382978237372
-0.0011796362277492218
-0.0014001702028722074
-0.0016275411202300541
-0.0018617490806401126
-0.002102792854336922
-0.0023506744323476287
-0.0026053913292846008
-0.0028669459954967853
-0.003135336741995058
-0.003410564531454534
393.25571388401715
2012.9616917404007
2860.113557791583
3185.9553737949864
3487.5314111392718
3468.3274087327136
3471.64488803245
3475.4508980298206
3464.202710800064
3474.676600097337
3472.1146118866745
0.000724981698311787
0.0005763158934865847
0.00042081278315786187
2421.9564848137775
0.0016683310940279704
0.0015743681523027588
0.0014735689990938569
0.0013659338967645274
0.0012514612571999351
0.0011301529003803932
0.001002006739310604
0.0008668111909604257
0.00025847286180058244
8.929686021831922e-05
-8.671558487568712e-05
0.0
-0.00018635095710138423
-0.0003795390884128642
-9.005132511213212e-05
-0.00027973702461436904
831.7534416794632
-422.15444219352605
-709.2728588944733
-0.0005795633961345844
-0.0007864241518037743
-0.0010001220817292588
-0.0012206560568522444
-0.0014480269742100911
-0.0016822349346201498
-0.001923278708316959
-0.0021711602863276657
-0.0024258771832646377
-0.0026874318494768223
-0.002955822595975095
-0.003231050385434571
393.25589339816315
2012.9618712545466
2860.1137373057286
3185.9555533091325
3487.5315906534174
3468.3275882468592
3471.645067546596
3475.4510775439667
3464.2028903142095
3474.6767796114827
3472.11479140082
0.00090449584433175
0.0007558300395065475
0.0006003269291778248
2421.956664327923
0.0018478452400479334
0.0017538822983227218
0.0016530831451138197
0.0015454480427844904
0.0014309754032198981
0.001309667046400356
0.001181520885330567
0.0010463253369803888
0.0004379870078205454
0.0002688110062382821
9.279856114427581e-05
0.0
-0.00019318813131147995
9.629963198925214e-05
-9.338606751298478e-05
831.7536280304203
-422.15425584256883
-709.2726725435161
-0.00039321243903320014
-0.0006000731947023901
-0.0008137711246278745
-0.00103430509975086
-0.001261676017108707
-0.0014958839775187655
-0.0017369277512155749
-0.0019848093292262814
-0.002239526226163254
-0.002501080892375438
-0.002769471638873711
-0.003044699428333187
393.2560797491203
2012.9620576055038
2860.1139236566864
3185.9557396600894
3487.531777004375
3468.3277745978166
3471.645253897553
3475.4512638949236
3464.203076665167
3474.67696596244
3472.1149777517776
0.0010908468014331342
0.0009421809966079318
0.000786677886279209
2421.956850678881
0.002034196197149318
0.001940233255424106
0.001839434102215204
0.0017317989998858745
0.0016173263603212822
0.0014960180035017403
0.0013678718424319511
0.001232676294081773
0.0006243379649219296
0.0004551619633396664
0.00027914951824566006
0.0
0.0002894877633007321
9.980206379849518e-05
831.7538212185516
-422.1540626544376
-709.2724793553849
-0.00020002430772172024
-0.00040688506339091015
-0.0006205829933163945
-0.0008411169684393802
-0.001068487885797227
-0.0013026958462072856
-0.001543739619904095
-0.0017916211979148017
-0.0020463380948517735
-0.002307892761063958
-0.002576283507562231
-0.002851511297021707
393.2562729372516
2012.9622507936351
2860.1141168448175
3185.9559328482214
3487.5319701925064
3468.3279677859477
3471.6454470856843
3475.451457083055
3464.203269853298
3474.6771591505717
3472.1151709399087
0.0012840349327446143
0.0011353691279194118
0.000979866017590689
2421.957043867012
0.0022273843284607974
0.0021334213867355858
0.002032622233526684
0.0019249871311973546
0.0018105144916327623
0.0016892061348132202
0.001561059973743431
0.001425864425393253
0.0008175260962334095
0.0006483500946511464
0.00047233764955714
0.0
-0.0001896856995022369
831.7535317307883
-422.15435214220093
-709.2727688431482
-0.0004895120710224522
-0.0006963728266916422
-0.0009100707566171265
-0.0011306047317401122
-0.001357975649097959
-0.0015921836095080177
-0.0018332273832048268
-0.0020811089612155337
-0.002335825858152506
-0.00259738052436469
-0.002865771270862963
-0.003140999060322439
393.25598344948827
2012.961961305872
2860.113827357054
3185.9556433604575
3487.5316807047425
3468.3276782981848
3471.6451575979213
3475.4511675952917
3464.2029803655346
3474.6768696628083
3472.1148814521457
0.000994547169443882
0.0008458813646186798
0.0006903782542899569
2421.9567543792487
0.0019378965651600656
0.001843933623434854
0.001743134470225952
0.0016354993678966223
0.00152102672833203
0.0013997183715124882
0.0012715722104426992
0.001136376662092521
0.0005280383329326775
0.0003588623313504143
0.00018284988625640793
0.0
831.7537214164878
-422.1541624565014
-709.2725791574487
-0.00029982637152021536
-0.0005066871271894053
-0.0007203850571148897
-0.0009409190322378754
-0.001168289949595722
-0.0014024979100057807
-0.0016435416837025899
-0.0018914232617132968
-0.002146140158650269
-0.0024076948248624532
-0.002676085571360726
-0.002951313360820202
393.2561731351878
2012.962150991571
2860.1140170427534
3185.9558330461573
3487.531870390442
3468.3278679838836
3471.64534728362
3475.4513572809906
3464.203170051234
3474.6770593485076
3472.115071137845
0.001184232868946119
0.0010355670641209165
0.0008800639537921938
2421.956944064948
0.0021275822646623027
0.0020336193229370907
0.001932820169728189
0.0018251850673988593
0.001710712427834267
0.001589404071014725
0.0014612579099449361
0.0013260623615947579
0.0007177240324349144
0.0005485480308526512
0.00037253558575864483
0.0
-1253.9078838729893
-1541.0263005739364
-831.7540212428593
-831.7542281036149
-831.7544418015449
-831.75466233552
-831.7548897064373
-831.7551239143978
-831.7553649581714
-831.7556128397495
-831.7558675566463
-831.7561291113127
-831.7563975020591
-831.7566727298486
-438.4975482813
1181.2084295750835
2028.360295626266
2354.2021116296696
2655.7781489739546
2636.574146567396
2639.8916258671325
2643.6976358645034
2632.4494486347467
2642.92333793202
2640.3613497213573
-831.7525371836188
-831.7526858494236
-831.752841352534
1590.2032226484603
-831.7515938342232
-831.7516877971648
-831.7517885963181
-831.7518962314203
-831.7520107040599
-831.7521320124168
-831.7522601585778
-831.7523953541262
-831.7530036924553
-831.753172868457
-831.7533488809021
0.0
-287.11841670094725
422.1538626301299
422.1536557693742
422.15344207144426
422.1532215374691
422.15299416655176
422.1527599585914
422.1525189148176
422.1522710332397
422.1520163163427
422.1517547616765
422.15148637093
422.1512111431406
815.4103355916891
2435.1163134480726
3282.2681794992545
3608.109995502659
3909.686032846944
3890.482030440385
3893.799509740122
3897.6055197374926
3886.357332507736
3896.8312218050087
3894.269233594346
422.15534668937033
422.1551980235655
422.1550425204552
2844.1111065214495
422.15629003876603
422.1561960758243
422.1560952766711
422.15598764156874
422.1558731689292
422.1557518605724
422.1556237144113
422.15548851886297
422.15488018053384
422.15471100453226
422.1545349920872
0.0
709.2722793310771
709.2720724703215
709.2718587723916
709.2716382384165
709.2714108674992
709.2711766595386
709.270935615765
709.270687734187
709.27043301729
709.2701714626238
709.2699030718773
709.2696278440878
1102.5287522926365
2722.23473014902
3569.386596200202
3895.228412203606
4196.804449547892
4177.600447141333
4180.9179264410695
4184.72393643844
4173.475749208683
4183.9496385059565
4181.387650295294
709.2737633903176
709.2736147245128
709.2734592214025
3131.229523222397
709.2747067397133
709.2746127767716
709.2745119776184
709.2744043425162
709.2742898698764
709.2741685615197
709.2740404153586
709.2739052198103
709.2732968814811
709.2731277054795
709.2729516930344
0.0
-0.00020686075566918994
-0.0004205586855946743
-0.00064109266071766
-0.0008684635780755067
-0.0011026715384855655
-0.0013437153121823747
-0.0015915968901930814
-0.0018463137871300534
-0.002107868453342238
-0.002376259199840511
-0.0026514869892999868
393.2564729615593
2012.9624508179427
2860.114316869125
3185.956132872529
3487.5321702168135
3468.3281678102553
3471.645647109992
3475.4516571073627
3464.203469877605
3474.677359174879
3472.1153709642163
0.0014840592404663344
0.001335393435641132
0.0011798903253124092
2421.9572438913196
0.002427408636182518
0.0023334456944573063
0.0022326465412484046
0.0021250114389190747
0.0020105387993544824
0.0018892304425349405
0.0017610842814651513
0.001625888733114973
0.0010175504039551299
0.0008483744023728666
0.0006723619572788602
0.0
-0.00021369792992548438
-0.00043423190504847
-0.0006616028224063168
-0.0008958107828163754
-0.0011368545565131846
-0.0013847361345238915
-0.0016394530314608633
-0.001901007697673048
-0.0021693984441713207
-0.0024446262336307967
393.256679822315
2012.9626576786984
2860.1145237298806
3185.9563397332845
3487.53237707757
3468.3283746710117
3471.6458539707482
3475.4518639681187
3464.2036767383615
3474.677566035635
3472.1155778249727
0.0016909199961355243
0.0015422541913103218
0.0013867510809815993
2421.957450752075
0.002634269391851708
0.0025403064501264964
0.002439507296917594
0.0023318721945882644
0.0022173995550236725
0.0020960911982041306
0.001967945037134341
0.001832749488784163
0.0012244111596243197
0.0010552351580420565
0.0008792227129480501
0.0
-0.00022053397512298566
-0.00044790489248083246
-0.0006821128528908911
-0.0009231566265877003
-0.0011710382045984071
-0.0014257551015353792
-0.0016873097677475636
-0.0019557005142458363
-0.0022309283037053123
393.2568935202449
2012.9628713766285
2860.1147374278107
3185.956553431214
3487.532590775499
3468.328588368941
3471.646067668678
3475.4520776660484
3464.203890436291
3474.677779733565
3472.1157915229023
0.0019046179260610089
0.0017559521212358064
0.0016004490109070835
2421.957664450005
0.0028479673217771924
0.0027540043800519803
0.0026532052268430787
0.0025455701245137487
0.0024310974849491565
0.002309789128129615
0.0021816429670598256
0.0020464474187096475
0.0014381090895498041
0.0012689330879675407
0.0010929206428735344
0.0
-0.00022737091735784676
-0.0004615788777679055
-0.0007026226514647146
-0.0009505042294754214
-0.0012052211264123934
-0.001466775792624578
-0.0017351665391228508
-0.0020103943285823267
393.25711405422004
2012.9630919106035
2860.1149579617854
3185.9567739651893
3487.5328113094743
3468.328808902916
3471.6462882026526
3475.4522982000235
3464.2041109702664
3474.6780002675396
3472.116012056877
0.0021251519011839947
0.001976486096358792
0.001820982986030069
2421.95788498398
0.003068501296900178
0.0029745383551749664
0.0028737392019660643
0.0027661040996367343
0.0026516314600721425
0.0025303231032526006
0.002402176942182811
0.0022669813938326327
0.00165864306467279
0.0014894670630905265
0.0013134546179965202
0.0
-0.0002342079604100587
-0.0004752517341068679
-0.0007231333121175748
-0.0009778502090545466
-0.0012394048752667312
-0.001507795621765004
-0.00178302341122448
393.2573414251374
2012.9633192815206
2860.1151853327033
3185.9570013361067
3487.533038680392
3468.3290362738335
3471.6465155735705
3475.452525570941
3464.204338341184
3474.678227638458
3472.116239427795
0.0023525228185418408
0.002203857013716639
0.002048353903387916
2421.9581123548974
0.0032958722142580246
0.003201909272532813
0.003101110119323911
0.0029934750169945813
0.002879002377429989
0.002757694020610447
0.0026295478595406577
0.0024943523111904797
0.0018860139820306365
0.0017168379804483735
0.001540825535354367
0.0
-0.00024104377369680918
-0.0004889253517075161
-0.0007436422486444879
-0.0010051969148566725
-0.0012735876613549453
-0.0015488154508144214
393.2575756330978
2012.9635534894812
2860.1154195406634
3185.9572355440673
3487.5332728883523
3468.3292704817936
3471.64674978153
3475.452759778901
3464.204572549144
3474.678461846417
3472.1164736357546
0.0025867307789518997
0.0024380649741266975
0.0022825618637979748
2421.9583465628584
0.003530080174668083
0.0034361172329428714
0.0033353180797339697
0.0032276829774046402
0.003113210337840048
0.0029919019810205057
0.0028637558199507166
0.0027285602716005386
0.002120221942440695
0.0019510459408584322
0.0017750334957644257
0.0
-0.0002478815780107068
-0.0005025984749476788
-0.0007641531411598633
-0.0010325438876581361
-0.0013077716771176123
393.2578166768715
2012.9637945332552
2860.115660584437
3185.957476587841
3487.533513932126
3468.329511525568
3471.6469908253043
3475.453000822675
3464.204813592918
3474.6787028901913
3472.1167146795287
0.0028277745526487093
0.0026791087478235066
0.0025236056374947835
2421.9585876066317
0.0037711239483648926
0.0036771610066396805
0.003576361853430779
0.0034687267511014494
0.003354254111536857
0.003232945754717315
0.003104799593647526
0.0029696040452973477
0.0023612657161375043
0.0021920897145552413
0.002016077269461235
0.0
-0.0002547168969369719
-0.0005162715631491564
-0.0007846623096474293
-0.0010598900991069054
393.2580645584495
2012.9640424148326
2860.1159084660153
3185.9577244694187
3487.533761813704
3468.329759407146
3471.6472387068825
3475.453248704253
3464.2050614744962
3474.67895077177
3472.116962561107
0.003075656130659416
0.0029269903258342133
0.0027714872155054906
2421.95883548821
0.004019005526375599
0.003925042584650387
0.003824243431441486
0.0037166083291121565
0.003602135689547564
0.003480827332728022
0.003352681171658233
0.003217485623308055
0.002609147294148211
0.002439971292565948
0.0022639588474719415
0.0
-0.0002615546662121845
-0.0005299454127104574
-0.0008051732021699335
393.2583192753464
2012.9642971317294
2860.116163182912
3185.9579791863157
3487.5340165306006
3468.3300141240425
3471.647493423779
3475.4535034211494
3464.2053161913927
3474.6792054886664
3472.117217278004
0.0033303730275963876
0.0031817072227711854
0.0030262041124424627
2421.9590902051063
0.004273722423312571
0.004179759481587359
0.004078960328378458
0.003971325226049129
0.0038568525864845354
0.003735544229664994
0.0036073980685952045
0.0034722025202450265
0.002863864191085183
0.00269468818950292
0.0025186757444089136
0.0
-0.0002683907464982729
-0.0005436185359577489
393.25858083001265
2012.9645586863958
2860.116424737578
3185.9582407409816
3487.5342780852675
3468.330275678709
3471.6477549784454
3475.4537649758163
3464.2055777460596
3474.679467043333
3472.1174788326703
0.003591927693808572
0.00344326188898337
0.003287758778654647
2421.9593517597727
0.0045352770895247555
0.0044413141477995435
0.004340514994590642
0.004232879892261313
0.0041184072526967205
0.003997098895877178
0.0038689527348073887
0.0037337571864572107
0.0031254188572973677
0.0029562428557151042
0.002780230410621098
0.0
-0.00027522778945947605
393.25884922075915
2012.9648270771424
2860.116693128325
3185.9585091317285
3487.5345464760135
3468.3305440694553
3471.648023369192
3475.4540333665623
3464.2058461368056
3474.679735434079
3472.1177472234162
0.003860318440306845
0.003711652635481643
0.0035561495251529196
2421.9596201505196
0.004803667836023028
0.004709704894297817
0.004608905741088915
0.004501270638759586
0.004386797999194993
0.0042654896423754505
0.004137343481305662
0.004002147932955484
0.0033938096037956405
0.0032246336022133774
0.003048621157119371
0.0
393.2591244485486
2012.9651023049319
2860.1169683561143
3185.958784359518
3487.5348217038027
3468.330819297244
3471.6482985969806
3475.4543085943515
3464.2061213645948
3474.6800106618684
3472.1180224512054
0.004135546229766321
0.003986880424941119
0.003831377314612396
2421.959895378309
0.005078895625482505
0.004984932683757293
0.004884133530548391
0.0047764984282190615
0.004662025788654469
0.004540717431834928
0.004412571270765138
0.00427737572241496
0.003669037393255117
0.0034998613916728534
0.003323848946578847
0.0
1619.7059778563832
2466.8578439075654
2792.6996599109693
3094.2756972552543
3075.071694848696
3078.3891741484326
3082.1951841458035
3070.9469969160464
3081.4208862133196
3078.858898002657
-393.2549889023188
-393.2551375681237
-393.255293071234
2028.70077092976
-393.2540455529231
-393.2541395158649
-393.254240315018
-393.2543479501204
-393.25446242275996
-393.2545837311168
-393.2547118772778
-393.25484707282624
-393.25545541115537
-393.2556245871569
-393.255800599602
0.0
847.1518660511823
1172.993682054586
1474.569719398871
1455.3657169923126
1458.6831962920494
1462.48920628942
1451.2410190596631
1461.7149083569366
1459.1529201462738
-2012.9609667587022
-2012.961115424507
-2012.9612709276178
408.9947930733769
-2012.9600234093068
-2012.9601173722483
-2012.9602181714015
-2012.960325806504
-2012.9604402791433
-2012.9605615875
-2012.9606897336612
-2012.9608249292096
-2012.9614332675387
-2012.9616024435404
-2012.9617784559857
0.0
325.84181600340366
627.4178533476888
608.2138509411304
611.531330240867
615.3373402382376
604.0891530084807
614.5630423057542
612.0010540950915
-2860.112832809885
-2860.112981475689
-2860.1131369788
-438.1570729778054
-2860.111889460489
-2860.1119834234305
-2860.1120842225837
-2860.112191857686
-2860.1123063303253
-2860.1124276386827
-2860.1125557848436
-2860.112690980392
-2860.1132993187207
-2860.113468494723
-2860.113644507168
0.0
301.5760373442851
282.37203493772677
285.68951423746336
289.49552423483397
278.2473370050771
288.7212263023505
286.1592380916878
-3185.9546488132883
-3185.9547974790926
-3185.9549529822034
-763.998888981209
-3185.9537054638927
-3185.9537994268344
-3185.953900225987
-3185.95400786109
-3185.954122333729
-3185.954243642086
-3185.9543717882475
-3185.9545069837955
-3185.9551153221246
-3185.9552844981263
-3185.9554605105714
0.0
-19.204002406558384
-15.886523106821768
-12.08051310945115
-23.32870033920804
-12.854811041934655
-15.416799252597304
-3487.5306861575737
-3487.530834823378
-3487.5309903264883
-1065.5749263254943
-3487.5297428081776
-3487.52983677112
-3487.5299375702725
-3487.530045205375
-3487.530159678014
-3487.5302809863715
-3487.5304091325324
-3487.530544328081
-3487.5311526664095
-3487.5313218424117
-3487.5314978548563
0.0
3.317479299736615
7.123489297107231
-4.124697932649656
6.349191364623727
3.7872031539610784
-3468.326683751015
-3468.3268324168203
-3468.32698791993
-1046.370923918936
-3468.3257404016194
-3468.325834364561
-3468.325935163715
-3468.326042798816
-3468.326157271456
-3468.326278579813
-3468.326406725974
-3468.326541921522
-3468.3271502598514
-3468.327319435853
-3468.327495448298
0.0
3.8060099973706167
-7.442177232386271
3.031712064887112
0.46972385422446283
-3471.644163050752
-3471.644311716557
-3471.6444672196667
-1049.6884032186724
-3471.643219701356
-3471.6433136642977
-3471.6434144634513
-3471.6435220985527
-3471.6436365711925
-3471.6437578795494
-3471.6438860257103
-3471.6440212212588
-3471.644629559588
-3471.6447987355896
-3471.6449747480347
0.0
-11.248187229756887
-0.7742979324835051
-3.3362861431461543
-3475.4501730481225
-3475.450321713927
-3475.450477217037
-1053.4944132160429
-3475.449229698727
-3475.4493236616686
-3475.449424460822
-3475.4495320959236
-3475.4496465685634
-3475.4497678769203
-3475.4498960230812
-3475.4500312186296
-3475.450639556959
-3475.4508087329605
-3475.450984745405
0.0
10.473889297273383
7.911901086610734
-3464.2019858183658
-3464.20213448417
-3464.2022899872804
-1042.2462259862862
-3464.2010424689697
-3464.2011364319114
-3464.2012372310646
-3464.2013448661664
-3464.2014593388067
-3464.201580647163
-3464.2017087933245
-3464.2018439888725
-3464.202452327202
-3464.2026215032033
-3464.2027975156484
0.0
-2.561988210662649
-3474.675875115639
-3474.6760237814437
-3474.6761792845537
-1052.7201152835596
-3474.674931766243
-3474.6750257291847
-3474.6751265283383
-3474.6752341634397
-3474.67534863608
-3474.6754699444364
-3474.6755980905978
-3474.6757332861457
-3474.676341624475
-3474.6765108004765
-3474.6766868129216
0.0
-3472.1138869049764
-3472.114035570781
-3472.114191073891
-1050.158127072897
-3472.1129435555804
-3472.113037518522
-3472.1131383176757
-3472.113245952777
-3472.1133604254173
-3472.113481733774
-3472.113609879935
-3472.113745075483
-3472.1143534138123
-3472.114522589814
-3472.114698602259
0.0
-0.00014866580482520233
-0.00030416891515392514
2421.955759832079
0.0009433493957161837
0.0008493864539909717
0.0007485873007820699
0.0006409521984527404
0.0005264795588881482
0.00040517120206860606
0.000277025040998817
0.00014182949264863876
-0.0004665088365112045
-0.0006356848380934679
-0.0008116972831874741
0.0
-0.00015550311032872278
2421.955908497884
0.0010920152005413858
0.0009980522588161741
0.0008972531056072722
0.0007896180032779427
0.0006751453637133505
0.0005538370068938085
0.00042569084582401933
0.0002904952974738411
-0.00031784303168600224
-0.0004870190332682654
-0.0006630314783622718
0.0
2421.956064000994
0.0012475183108701087
0.001153555369144897
0.001052756215935995
0.0009451211136066655
0.0008306484740420733
0.0007093401172225312
0.0005811939561527421
0.0004459984078025639
-0.0001623399213572794
-0.00033151592293954266
-0.000507528368033549
0.0
-2421.9548164826833
-2421.9549104456255
-2421.9550112447782
-2421.955118879881
-2421.95523335252
-2421.955354660877
-2421.955482807038
-2421.9556180025866
-2421.9562263409152
-2421.9563955169174
-2421.956571529362
0.0
-9.396294172521177e-05
-0.00019476209493411365
-0.00030239719726344314
-0.0004168698368280354
-0.0005381781936475775
-0.0006663243547173665
-0.0008015199030675447
-0.001409858232227388
-0.0015790342338096513
-0.0017550466789036578
0.0
-0.00010079915320890187
-0.0002084342555382314
-0.00032290689510282365
-0.0004442152519223657
-0.0005723614129921548
-0.000707556961342333
-0.0013158952905021764
-0.0014850712920844395
-0.0016610837371784457
0.0
-0.00010763510232932953
-0.00022210774189392176
-0.0003434160987134638
-0.00047156225978325293
-0.0006067578081334311
-0.0012150961372932746
-0.0013842721388755378
-0.001560284583969544
0.0
-0.00011447263956459226
-0.00023578099638413427
-0.0003639271574539234
-0.0004991227058041015
-0.0011074610349639448
-0.001276637036546208
-0.0014526494816402146
0.0
-0.00012130835681954204
-0.0002494545178893311
-0.0003846500662395093
-0.0009929883953993526
-0.0011621643969816158
-0.001338176842075622
0.0
-0.0001281461610697891
-0.0002633417094199673
-0.0008716800385798106
-0.001040856040162074
-0.0012168684852560802
0.0
-0.00013519554835017823
-0.0007435338775100215
-0.0009127098790922847
-0.0010887223241862912
0.0
-0.0006083383291598433
-0.0007775143307421065
-0.0009535267758361129
0.0
-0.00016917600158226323
-0.0003451884466762696
0.0
-0.00017601244509400632
0.0
